31831916
32102970
31098956
30459171
31516400
26563299
14693913
32681153
31100702
30299005
33383989
23816992
31532879
32244903
31882897
33408950
28726377
28988430
33154460
25476145
30457839
29391424
19224598
26082216
31667130
28695533
17406563
31429720
24495382
28534482
17623300
29741879
27743361
28826211
28411811
28188786
26695256
31201923
24529077
27004849
25220145
15253928
16376105
28342150
30059200
30181542
23729667
11981562
22561245
9535707
16319059
20170179
30597092
24173317
23536797
29044421
29881382
14573354
31941770
15648052
27546384
10660452
19788761
27212633
24233973
18752669
29038508
16339757
22800195
15003263
22278056
27594301
26500666
10868794
24224757
22090146
21273632
20700148
1368268
26572842
25703052
25288789
26148706
9479038
2961750
17900180
9880569
8619622
17360250
17159231
7547035
8003532
17508782
1871713
8216976
